wavelength units = nanometers
wavelength = {
383.688202, 
388.695230,
393.702258,
398.709286,
403.716314,
408.723342,
413.730370,
418.737398,
423.744426,
428.751454,
433.758482,
438.765510,
443.772538,
448.779566,
453.786594,
458.793622,
463.800650,
468.807678,
473.814706,
478.821734,
483.828762,
488.835790,
493.842818,
498.849846,
503.856874,
508.863902,
513.870930,
518.877958,
523.884986,
528.892014,
533.899042,
538.906070,
543.913098,
548.920126,
553.927154,
558.934182,
563.941210,
568.948238,
573.955266,
578.962294,
583.969322,
588.976350,
593.983378,
598.990406,
603.997434,
609.004462,
614.011490,
619.018518,
624.025546,
629.032574,
634.039602,
639.046630,
644.053658,
649.060686,
654.067714,
659.074742,
664.081770,
669.088798,
674.095826,
679.102854,
684.109882,
689.116910,
694.123938,
699.130966,
704.137994,
709.145022,
714.152050,
719.159078,
724.166106,
729.173134,
734.180162,
739.187190,
744.194218,
749.201246,
754.208274,
759.215302,
764.222330,
769.229358,
774.236386,
779.243414,
784.250442,
789.257470,
794.264498,
799.271526,
804.278554,
809.285582,
814.292610,
819.299638,
824.306666,
829.313694,
834.320722,
839.327750,
844.334778,
849.341806,
854.348834,
859.355862,
864.362890,
869.369918,
874.376946,
879.383974,
884.391002,
889.398030,
894.405058,
899.412086,
904.419114,
909.426142,
914.433170,
919.440198,
924.447226,
929.454254,
934.461282,
939.468310,
944.475338,
949.482366,
954.489394,
959.496422,
964.503450,
969.510478,
974.517506,
979.524534,
984.531562,
989.538590,
994.545618,
999.552646,
1004.559674, 
1009.566702,
1014.573730,
1019.580758,
1024.587786,
1029.594814,
1034.601842,
1039.608870,
1044.615898,
1049.622926,
1054.629954,
1059.636982,
1064.644010,
1069.651038,
1074.658066,
1079.665094,
1084.672122,
1089.679150,
1094.686178,
1099.693206,
1104.700234,
1109.707262,
1114.714290,
1119.721318,
1124.728346,
1129.735374,
1134.742402,
1139.749430,
1144.756458,
1149.763486,
1154.770514,
1159.777542,
1164.784570,
1169.791598,
1174.798626,
1179.805654,
1184.812682,
1189.819710,
1194.826738,
1199.833766,
1204.840794,
1209.847822,
1214.854850,
1219.861878,
1224.868906,
1229.875934,
1234.882962,
1239.889990,
1244.897018,
1249.904046,
1254.911074,
1259.918102,
1264.925130,
1269.932158,
1274.939186,
1279.946214,
1284.953242,
1289.960270,
1294.967298,
1299.974326,
1304.981354,
1309.988382,
1314.995410,
1320.002438,
1325.009466,
1330.016494,
1335.023522,
1340.030550,
1345.037578,
1350.044606,
1355.051634,
1360.058662,
1365.065690,
1370.072718,
1375.079746,
1380.086774,
1385.093802,
1390.100830,
1395.107858,
1400.114886,
1405.121914,
1410.128942,
1415.135970,
1420.142998,
1425.150026,
1430.157054,
1435.164082,
1440.171110,
1445.178138,
1450.185166,
1455.192194,
1460.199222,
1465.206250,
1470.213278,
1475.220306,
1480.227334,
1485.234362,
1490.241390,
1495.248418,
1500.255446,
1505.262474,
1510.269502,
1515.276530,
1520.283558,
1525.290586,
1530.297614,
1535.304642,
1540.311670,
1545.318698,
1550.325726,
1555.332754,
1560.339782,
1565.346810,
1570.353838,
1575.360866,
1580.367894,
1585.374922,
1590.381950,
1595.388978,
1600.396006,
1605.403034,
1610.410062,
1615.417090,
1620.424118,
1625.431146,
1630.438174,
1635.445202,
1640.452230,
1645.459258,
1650.466286,
1655.473314,
1660.480342,
1665.487370,
1670.494398,
1675.501426,
1680.508454,
1685.515482,
1690.522510,
1695.529538,
1700.536566,
1705.543594,
1710.550622,
1715.557650,
1720.564678,
1725.571706,
1730.578734,
1735.585762,
1740.592790,
1745.599818,
1750.606846,
1755.613874,
1760.620902,
1765.627930,
1770.634958,
1775.641986,
1780.649014,
1785.656042,
1790.663070,
1795.670098,
1800.677126,
1805.684154,
1810.691182,
1815.698210,
1820.705238,
1825.712266,
1830.719294,
1835.726322,
1840.733350,
1845.740378,
1850.747406,
1855.754434,
1860.761462,
1865.768490,
1870.775518,
1875.782546,
1880.789574,
1885.796602,
1890.803630,
1895.810658,
1900.817686,
1905.824714,
1910.831742,
1915.838770,
1920.845798,
1925.852826,
1930.859854,
1935.866882,
1940.873910,
1945.880938,
1950.887966,
1955.894994,
1960.902022,
1965.909050,
1970.916078,
1975.923106,
1980.930134,
1985.937162,
1990.944190,
1995.951218,
2000.958246,
2005.965274,
2010.972302,
2015.979330,
2020.986358,
2025.993386,
2031.000414,
2036.007442,
2041.014470,
2046.021498,
2051.028526,
2056.035554,
2061.042582,
2066.049610,
2071.056638,
2076.063666,
2081.070694,
2086.077722,
2091.084750,
2096.091778,
2101.098806,
2106.105834,
2111.112862,
2116.119890,
2121.126918,
2126.133946,
2131.140974,
2136.148002,
2141.155030,
2146.162058,
2151.169086,
2156.176114,
2161.183142,
2166.190170,
2171.197198,
2176.204226,
2181.211254,
2186.218282,
2191.225310,
2196.232338,
2201.239366,
2206.246394,
2211.253422,
2216.260450,
2221.267478,
2226.274506,
2231.281534,
2236.288562,
2241.295590,
2246.302618,
2251.309646,
2256.316674,
2261.323702,
2266.330730,
2271.337758,
2276.344786,
2281.351814,
2286.358842,
2291.365870,
2296.372898,
2301.379926,
2306.386954,
2311.393982,
2316.401010,
2321.408038,
2326.415066,
2331.422094,
2336.429122,
2341.436150,
2346.443178,
2351.450206,
2356.457234,
2361.464262,
2366.471290,
2371.478318,
2376.485346,
2381.492374,
2386.499402,
2391.506430,
2396.513458,
2401.520486,
2406.527514,
2411.534542,
2416.541570,
2421.548598,
2426.555626,
2431.562654,
2436.569682,
2441.576710,
2446.583738,
2451.590766,
2456.597794,
2461.604822,
2466.611850,
2471.618878,
2476.625906,
2481.632934,
2486.639962,
2491.646990,
2496.654018,
2501.661046,
2506.668074,
2511.675102}
fwhm = {
  5.007028,
  5.007028,
  5.007028,
  5.007028,
  5.007028,
  5.007028,
  5.007028,
  5.007028,
  5.007028,
  5.007028,
  5.007028,
  5.007028,
  5.007028,
  5.007028,
  5.007028,
  5.007028,
  5.007028,
  5.007028,
  5.007028,
  5.007028,
  5.007028,
  5.007028,
  5.007028,
  5.007028,
  5.007028,
  5.007028,
  5.007028,
  5.007028,
  5.007028,
  5.007028,
  5.007028,
  5.007028,
  5.007028,
  5.007028,
  5.007028,
  5.007028,
  5.007028,
  5.007028,
  5.007028,
  5.007028,
  5.007028,
  5.007028,
  5.007028,
  5.007028,
  5.007028,
  5.007028,
  5.007028,
  5.007028,
  5.007028,
  5.007028,
  5.007028,
  5.007028,
  5.007028,
  5.007028,
  5.007028,
  5.007028,
  5.007028,
  5.007028,
  5.007028,
  5.007028,
  5.007028,
  5.007028,
  5.007028,
  5.007028,
  5.007028,
  5.007028,
  5.007028,
  5.007028,
  5.007028,
  5.007028,
  5.007028,
  5.007028,
  5.007028,
  5.007028,
  5.007028,
  5.007028,
  5.007028,
  5.007028,
  5.007028,
  5.007028,
  5.007028,
  5.007028,
  5.007028,
  5.007028,
  5.007028,
  5.007028,
  5.007028,
  5.007028,
  5.007028,
  5.007028,
  5.007028,
  5.007028,
  5.007028,
  5.007028,
  5.007028,
  5.007028,
  5.007028,
  5.007028,
  5.007028,
  5.007028,
  5.007028,
  5.007028,
  5.007028,
  5.007028,
  5.007028,
  5.007028,
  5.007028,
  5.007028,
  5.007028,
  5.007028,
  5.007028,
  5.007028,
  5.007028,
  5.007028,
  5.007028,
  5.007028,
  5.007028,
  5.007028,
  5.007028,
  5.007028,
  5.007028,
  5.007028,
  5.007028,
  5.007028,
  5.007028,
  5.007028,
  5.007028,
  5.007028,
  5.007028,
  5.007028,
  5.007028,
  5.007028,
  5.007028,
  5.007028,
  5.007028,
  5.007028,
  5.007028,
  5.007028,
  5.007028,
  5.007028,
  5.007028,
  5.007028,
  5.007028,
  5.007028,
  5.007028,
  5.007028,
  5.007028,
  5.007028,
  5.007028,
  5.007028,
  5.007028,
  5.007028,
  5.007028,
  5.007028,
  5.007028,
  5.007028,
  5.007028,
  5.007028,
  5.007028,
  5.007028,
  5.007028,
  5.007028,
  5.007028,
  5.007028,
  5.007028,
  5.007028,
  5.007028,
  5.007028,
  5.007028,
  5.007028,
  5.007028,
  5.007028,
  5.007028,
  5.007028,
  5.007028,
  5.007028,
  5.007028,
  5.007028,
  5.007028,
  5.007028,
  5.007028,
  5.007028,
  5.007028,
  5.007028,
  5.007028,
  5.007028,
  5.007028,
  5.007028,
  5.007028,
  5.007028,
  5.007028,
  5.007028,
  5.007028,
  5.007028,
  5.007028,
  5.007028,
  5.007028,
  5.007028,
  5.007028,
  5.007028,
  5.007028,
  5.007028,
  5.007028,
  5.007028,
  5.007028,
  5.007028,
  5.007028,
  5.007028,
  5.007028,
  5.007028,
  5.007028,
  5.007028,
  5.007028,
  5.007028,
  5.007028,
  5.007028,
  5.007028,
  5.007028,
  5.007028,
  5.007028,
  5.007028,
  5.007028,
  5.007028,
  5.007028,
  5.007028,
  5.007028,
  5.007028,
  5.007028,
  5.007028,
  5.007028,
  5.007028,
  5.007028,
  5.007028,
  5.007028,
  5.007028,
  5.007028,
  5.007028,
  5.007028,
  5.007028,
  5.007028,
  5.007028,
  5.007028,
  5.007028,
  5.007028,
  5.007028,
  5.007028,
  5.007028,
  5.007028,
  5.007028,
  5.007028,
  5.007028,
  5.007028,
  5.007028,
  5.007028,
  5.007028,
  5.007028,
  5.007028,
  5.007028,
  5.007028,
  5.007028,
  5.007028,
  5.007028,
  5.007028,
  5.007028,
  5.007028,
  5.007028,
  5.007028,
  5.007028,
  5.007028,
  5.007028,
  5.007028,
  5.007028,
  5.007028,
  5.007028,
  5.007028,
  5.007028,
  5.007028,
  5.007028,
  5.007028,
  5.007028,
  5.007028,
  5.007028,
  5.007028,
  5.007028,
  5.007028,
  5.007028,
  5.007028,
  5.007028,
  5.007028,
  5.007028,
  5.007028,
  5.007028,
  5.007028,
  5.007028,
  5.007028,
  5.007028,
  5.007028,
  5.007028,
  5.007028,
  5.007028,
  5.007028,
  5.007028,
  5.007028,
  5.007028,
  5.007028,
  5.007028,
  5.007028,
  5.007028,
  5.007028,
  5.007028,
  5.007028,
  5.007028,
  5.007028,
  5.007028,
  5.007028,
  5.007028,
  5.007028,
  5.007028,
  5.007028,
  5.007028,
  5.007028,
  5.007028,
  5.007028,
  5.007028,
  5.007028,
  5.007028,
  5.007028,
  5.007028,
  5.007028,
  5.007028,
  5.007028,
  5.007028,
  5.007028,
  5.007028,
  5.007028,
  5.007028,
  5.007028,
  5.007028,
  5.007028,
  5.007028,
  5.007028,
  5.007028,
  5.007028,
  5.007028,
  5.007028,
  5.007028,
  5.007028,
  5.007028,
  5.007028,
  5.007028,
  5.007028,
  5.007028,
  5.007028,
  5.007028,
  5.007028,
  5.007028,
  5.007028,
  5.007028,
  5.007028,
  5.007028,
  5.007028,
  5.007028,
  5.007028,
  5.007028,
  5.007028,
  5.007028,
  5.007028,
  5.007028,
  5.007028,
  5.007028,
  5.007028,
  5.007028,
  5.007028,
  5.007028,
  5.007028,
  5.007028,
  5.007028,
  5.007028,
  5.007028,
  5.007028,
  5.007028,
  5.007028,
  5.007028,
  5.007028,
  5.007028,
  5.007028,
  5.007028,
  5.007028,
  5.007028,
  5.007028,
  5.007028,
  5.007028,
  5.007028,
  5.007028,
  5.007028,
  5.007028,
  5.007028,
  5.007028,
  5.007028,
  5.007028,
  5.007028,
  5.007028,
  5.007028,
  5.007028,
  5.007028,
  5.007028,
  5.007028,
  5.007028,
  5.007028,
  5.007028,
  5.007028,
  5.007028,
  5.007028,
  5.007028,
  5.007028,
  5.007028,
  5.007028,
  5.007028,
  5.007028,
  5.007028,
  5.007028,
  5.007028,
  5.007028,
  5.007028,
  5.007028,
  5.007028}
