    0.0173913
    0.0166667
    0.0155521
    0.0153139
    0.0164474
    0.0180505
    0.0192678
    0.0200401
    0.0203252
    0.0204499
    0.0205339
    0.0206186
    0.0206612
    0.0204499
    0.0199203
    0.0194553
    0.0193424
    0.0193798
    0.0193798
    0.0190476
    0.0184162
    0.0181488
    0.0184502
    0.0187970
    0.0188324
    0.0187970
    0.0187617
    0.0187266
    0.0185874
    0.0184843
    0.0184502
    0.0185185
    0.0185185
    0.0184162
    0.0181159
    0.0178891
    0.0178571
    0.0177620
    0.0174825
    0.0171527
    0.0168634
    0.0166667
    0.0165563
    0.0164474
    0.0163132
    0.0161031
    0.0158730
    0.0156006
    0.0153846
    0.0152672
    0.0153139
    0.0152672
    0.0151057
    0.0149031
    0.0147493
    0.0145773
    0.0143885
    0.0141844
    0.0140252
    0.0138313
    0.0135870
    0.0134048
    0.0132979
    0.0131752
    0.0129870
    0.0128370
    0.0127389
    0.0126582
    0.0125313
    0.0123762
    0.0121951
    0.0120627
    0.0119760
    0.0118624
    0.0116959
    0.0115340
    0.0113895
    0.0112740
    0.0111483
    0.0110011
    0.0108225
    0.0106724
    0.0105708
    0.0104822
    0.0103842
    0.0101833
   0.00990099
   0.00968992
   0.00962464
   0.00956938
   0.00944287
   0.00935454
   0.00933707
   0.00931966
   0.00925926
   0.00915751
   0.00902527
   0.00892061
   0.00882613
   0.00871840
   0.00858369
   0.00848176
   0.00841751
   0.00834724
   0.00823723
   0.00813670
   0.00806452
   0.00799360
   0.00789889
   0.00781861
   0.00775194
   0.00769231
   0.00762195
   0.00755287
   0.00747943
   0.00740741
   0.00733138
   0.00725163
   0.00716846
   0.00709220
   0.00702247
   0.00695894
   0.00690131
   0.00683527
   0.00675219
   0.00667557
   0.00661813
   0.00655308
   0.00647668
   0.00638570
   0.00628931
   0.00620733
   0.00613874
   0.00606796
   0.00597729
   0.00589275
   0.00581734
   0.00577701
   0.00575705
   0.00572738
   0.00567215
   0.00560853
   0.00554939
   0.00548847
   0.00542888
   0.00539084
   0.00537057
   0.00533049
   0.00526039
   0.00519481
   0.00515730
   0.00511247
   0.00505561
   0.00500250
   0.00496032
   0.00491159
   0.00485201
   0.00479616
   0.00475964
   0.00474158
   0.00473037
   0.00470588
   0.00465983
   0.00460829
   0.00456621
   0.00452899
   0.00449035
   0.00444840
   0.00440335
   0.00436872
   0.00433651
   0.00427533
   0.00418410
   0.00412712
   0.00412201
   0.00412371
   0.00410341
   0.00406835
   0.00402414
   0.00398565
   0.00395570
   0.00392311
   0.00388651
   0.00385356
   0.00382702
   0.00380084
   0.00377074
   0.00373553
   0.00369549
   0.00365898
   0.00362713
   0.00359971
   0.00357398
   0.00355114
   0.00352734
   0.00349773
   0.00346260
   0.00342700
   0.00339443
   0.00336022
   0.00332557
   0.00328947
   0.00325733
   0.00322789
   0.00320410
   0.00317864
   0.00315358
   0.00312989
   0.00311042
   0.00308547
   0.00305530
   0.00302480
   0.00299760
   0.00297265
   0.00294811
   0.00292227
   0.00289436
   0.00286779
   0.00284738
   0.00283527
   0.00282805
   0.00281532
   0.00279408
   0.00277162
   0.00275027
   0.00272777
   0.00270343
   0.00268025
   0.00265816
   0.00263227
   0.00260146
   0.00256871
   0.00253485
   0.00249688
   0.00246184
   0.00245098
   0.00246245
   0.00245761
   0.00242660
   0.00239292
   0.00237473
   0.00237417
   0.00237643
   0.00234632
   0.00228728
   0.00224921
   0.00224972
   0.00225479
   0.00224618
   0.00222618
   0.00219491
   0.00214915
   0.00209996
   0.00207684
   0.00208377
   0.00208725
   0.00207125
   0.00204457
   0.00201654
   0.00199442
   0.00197746
   0.00195312
   0.00191828
   0.00188005
   0.00184945
   0.00183722
   0.00184094
   0.00184060
   0.00182749
   0.00181192
   0.00179727
   0.00177873
   0.00175654
   0.00173974
   0.00172891
   0.00171409
   0.00169348
   0.00167504
   0.00165673
   0.00162285
   0.00158028
   0.00156372
   0.00157580
   0.00157903
   0.00156006
   0.00153894
   0.00152532
   0.00151400
   0.00149880
   0.00147362
   0.00144030
   0.00141103
   0.00139334
   0.00138850
   0.00139140
   0.00138870
   0.00137798
   0.00136911
   0.00136482
   0.00135740
   0.00134409
   0.00132837
   0.00131113
   0.00129049
   0.00126711
   0.00124517
   0.00123031
   0.00122880
   0.00123640
   0.00123609
   0.00122309
   0.00120729
   0.00119474
   0.00118568
   0.00117855
   0.00117000
   0.00116009
   0.00115194
   0.00114561
   0.00113662
   0.00112372
   0.00111037
   0.00109818
   0.00108755
   0.00107863
   0.00107193
   0.00106576
   0.00105630
   0.00104362
   0.00103263
   0.00102491
   0.00101781
   0.00100969
   0.00100000
  0.000989609
  0.000980488
  0.000973236
  0.000967024
  0.000960338
  0.000951384
  0.000940911
  0.000932401
  0.000926526
  0.000920302
  0.000912909
  0.000905961
  0.000898876
  0.000888415
  0.000873744
  0.000857045
  0.000842886
  0.000838434
  0.000841822
  0.000842105
  0.000836120
  0.000830082
  0.000825355
  0.000817862
  0.000807885
  0.000800833
  0.000797257
  0.000792770
  0.000785916
  0.000778513
  0.000771545
  0.000765052
  0.000758610
  0.000751880
  0.000745156
  0.000739809
  0.000735240
  0.000729288
  0.000721813
  0.000715154
  0.000709522
  0.000702988
  0.000695846
  0.000691085
  0.000687994
  0.000682361
  0.000673718
  0.000665513
  0.000659587
  0.000655910
  0.000653083
  0.000648508
  0.000641890
  0.000635163
  0.000629485
  0.000625156
  0.000621427
  0.000616561
  0.000610240
  0.000603610
  0.000598086
  0.000595132
  0.000593859
  0.000590877
  0.000585172
  0.000578001
  0.000571265
  0.000567183
  0.000565451
  0.000563317
  0.000559097
  0.000552547
  0.000545197
  0.000540395
  0.000538358
  0.000536366
  0.000532822
  0.000527482
  0.000521404
  0.000516903
  0.000514509
  0.000513084
  0.000511195
  0.000507408
  0.000502210
  0.000498008
  0.000493008
  0.000488008
  0.000483008
  0.000478008
  0.000473008
  0.000468008
